300 442
143 179
140 290
62 209
64 151
125 256
23 235
132 151
32 213
2 297
17 206
94 151
120 298
104 192
39 211
147 162
39 229
137 252
143 286
86 188
95 255
53 249
107 238
65 241
5 199
119 230
14 275
61 207
57 255
127 152
133 232
135 174
15 276
73 208
145 242
95 223
29 287
12 216
105 273
32 212
67 179
2 278
123 159
5 185
131 172
14 252
71 167
148 243
92 208
86 286
121 253
46 250
98 260
133 227
144 227
93 172
122 208
117 157
75 240
63 284
51 193
48 295
149 198
35 185
36 150
52 265
136 246
111 180
28 173
13 297
18 226
50 206
50 215
145 205
94 221
32 157
131 279
146 277
48 281
4 193
83 257
55 158
37 217
45 239
111 184
49 209
144 199
113 230
110 206
86 285
113 257
102 220
54 180
32 161
52 228
35 157
33 224
23 201
126 186
25 229
149 197
13 184
134 154
108 254
136 245
37 221
59 245
38 222
18 225
121 247
144 212
73 179
103 198
31 191
94 238
33 219
138 183
10 235
87 226
39 289
74 265
69 159
61 173
79 209
7 202
81 151
78 262
26 224
30 194
138 151
12 173
51 155
80 289
6 269
107 181
127 257
68 180
3 209
45 224
80 154
76 202
20 289
58 154
120 236
36 233
16 273
0 176
28 256
102 205
31 163
126 153
131 268
53 178
58 293
104 269
50 298
136 212
148 186
25 232
61 154
96 270
121 214
19 157
90 217
63 200
47 246
19 175
0 180
58 261
69 261
137 176
112 250
144 282
115 255
22 176
96 162
76 156
39 265
62 276
46 170
67 211
31 288
14 217
3 217
53 294
133 183
123 218
21 207
48 233
44 181
58 265
40 238
140 154
97 192
103 272
85 236
120 212
13 253
103 155
133 263
145 237
19 259
81 252
122 262
145 264
32 216
74 240
75 294
1 237
126 259
56 271
99 251
22 287
143 177
49 286
141 271
18 280
82 292
83 275
86 182
74 226
44 283
101 161
87 263
117 282
110 157
34 275
17 204
92 207
146 196
133 244
15 270
27 244
108 178
136 169
117 165
12 219
19 267
93 216
95 235
67 164
33 269
53 256
147 281
65 239
148 255
148 264
6 180
127 159
30 226
50 241
141 261
73 206
110 264
105 195
31 218
2 182
2 191
3 165
16 193
36 171
70 173
1 213
63 161
25 296
97 275
28 203
9 199
111 228
18 238
80 222
93 170
54 206
126 194
13 183
70 150
78 172
120 281
80 217
58 226
112 282
40 275
36 152
32 200
72 245
64 241
139 253
56 255
141 201
116 153
90 253
137 185
9 283
104 273
75 246
119 154
62 294
76 201
36 165
10 274
138 289
69 180
50 185
8 188
98 252
59 288
28 282
102 240
60 234
122 218
41 230
123 281
40 283
93 258
37 205
44 253
128 234
117 234
26 204
126 291
57 219
104 151
96 296
24 289
70 256
91 199
125 201
82 230
113 245
63 235
134 295
92 289
107 170
116 246
55 150
2 233
37 200
137 287
34 222
32 270
55 235
7 195
80 188
69 188
118 291
90 238
82 234
101 247
122 190
137 188
143 231
95 191
130 158
75 222
42 283
143 249
10 223
72 207
44 234
117 215
32 247
129 207
3 229
61 170
42 166
107 286
98 228
99 282
125 191
122 185
12 161
111 283
26 297
69 286
44 211
61 291
81 269
124 249
54 261
66 253
89 218
96 263
7 185
141 185
7 194
144 181
99 268
47 239
76 275
35 283
69 254
123 243
53 175
144 293
8 271
86 190
78 195
142 216
24 242
98 191
55 220
121 202
45 292
1 267
60 164
30 172
110 192
137 155
68 284
60 200
8 257
116 208
148 151
11 262
120 187
122 278
67 190
15 152
66 243
70 204
76 256
131 210
6 188
65 283
140 295
21 204
106 153
98 298
4 151
58 271
73 223
108 199
19 261
53 174
60 280
95 256
98 163
66 229
4 254
107 257
56 282
47 224
21 172
