100 3960
13 88
24 97
16 93
17 58
36 71
55 84
28 67
29 32
47 80
8 9
40 41
0 5
5 83
11 14
17 94
58 95
50 91
29 68
21 64
40 77
41 42
73 74
33 38
25 34
39 81
44 47
2 50
3 15
54 97
14 24
74 75
66 71
13 65
4 96
32 78
51 91
24 74
43 87
35 83
36 48
55 61
15 25
1 90
7 21
47 57
88 95
96 99
59 68
46 98
5 60
70 77
17 71
36 84
9 67
28 80
69 81
29 45
48 58
21 41
80 90
40 54
5 96
6 61
2 27
62 78
81 91
54 74
73 87
25 47
20 81
39 94
12 77
31 90
32 55
51 68
43 64
35 60
14 37
66 84
13 78
24 87
16 83
17 48
76 97
9 44
36 61
28 57
68 93
47 70
5 73
6 38
58 85
9 80
50 81
69 94
42 77
21 54
8 84
27 97
39 71
11 89
31 67
10 44
3 5
62 91
54 87
20 94
12 90
32 68
4 86
51 81
24 64
23 99
43 77
16 60
17 25
35 73
36 38
28 34
1 80
7 11
5 50
6 15
38 84
17 61
57 97
58 62
49 93
50 58
9 57
69 71
29 35
21 31
61 67
40 44
7 96
27 74
6 51
58 98
30 79
50 94
91 95
42 90
2 17
54 64
0 93
73 77
20 71
39 84
12 67
13 32
31 80
4 63
32 45
51 58
23 76
24 41
3 18
43 54
84 92
35 50
1 57
34 91
13 68
4 99
5 27
37 96
65 78
16 73
17 38
57 74
76 87
9 34
36 51
68 83
88 98
26 86
5 63
6 28
38 97
58 75
69 84
27 87
0 70
19 83
20 48
39 61
12 44
11 79
30 92
2 30
1 34
12 80
4 76
72 94
32 58
24 54
64 90
56 86
16 50
35 63
22 93
1 70
38 74
57 87
49 83
9 47
68 96
42 44
15 90
7 86
8 51
27 64
18 95
11 56
30 69
31 34
20 61
60 97
11 92
52 93
12 57
13 22
23 66
24 31
64 67
16 27
35 40
34 81
53 94
45 90
5 17
37 86
65 68
57 64
17 28
9 24
49 60
68 73
26 76
27 41
38 87
79 88
58 65
30 46
42 57
82 93
61 70
8 64
0 60
19 73
20 38
60 74
39 51
12 34
11 69
31 47
4 30
30 82
23 43
83 94
75 90
41 97
33 93
13 35
25 89
72 84
45 67
24 44
64 80
16 40
3 70
22 83
34 94
26 53
5 30
46 68
38 64
57 77
49 73
15 80
7 76
8 41
27 54
0 37
18 85
19 50
11 46
30 59
71 97
63 93
21 96
41 74
33 70
52 83
4 43
44 79
23 56
10 86
16 17
22 60
1 37
34 71
53 84
45 80
5 7
37 76
56 89
49 50
22 96
9 14
15 57
7 53
26 66
27 31
19 27
71 74
63 70
82 83
8 54
0 50
40 86
19 63
60 64
20 28
11 59
6 93
12 24
31 37
52 60
4 20
23 33
39 41
83 84
1 14
33 83
25 79
93 97
72 74
85 93
45 57
53 61
37 53
10 99
16 30
2 95
3 60
14 69
67 81
46 58
18 39
86 94
38 54
70 86
89 99
49 63
36 93
48 67
8 31
0 27
19 40
79 91
11 36
71 87
63 83
82 96
21 86
40 99
41 64
60 77
33 60
52 73
25 56
12 37
2 72
22 50
14 46
74 97
25 92
66 93
45 70
37 66
3 73
14 82
55 83
7 43
47 79
26 56
67 94
0 4
18 52
11 13
17 93
9 89
29 67
8 44
21 63
48 80
40 76
6 83
12 14
11 49
4 10
44 46
10 53
21 99
41 77
54 96
1 4
33 73
34 38
45 47
37 43
10 89
51 90
2 85
43 86
14 59
15 24
7 20
26 33
59 67
18 29
78 80
70 76
17 70
36 83
55 96
28 79
47 92
48 57
8 21
40 53
0 17
5 95
11 26
6 60
71 77
63 73
29 80
21 76
40 89
41 54
81 90
60 67
73 86
6 96
52 63
33 50
44 59
39 93
10 66
2 62
3 27
22 40
14 36
34 51
66 83
85 96
13 77
37 56
32 90
24 86
43 99
16 82
36 60
15 37
55 73
47 69
7 33
26 46
18 42
59 80
70 89
17 83
36 96
9 79
77 97
28 92
69 93
48 70
21 53
40 66
6 73
10 43
54 86
33 63
20 93
12 89
51 80
23 98
2 75
3 40
43 76
22 53
35 72
14 49
1 79
66 96
13 90
18 19
24 99
17 60
36 73
9 56
55 86
28 69
29 34
47 82
8 11
0 7
40 43
5 85
11 16
58 97
9 92
50 93
29 70
42 89
21 66
62 67
41 44
73 76
33 40
25 36
39 83
44 49
51 57
2 52
3 17
22 30
54 99
14 26
74 77
66 73
85 86
13 67
4 98
32 80
51 93
24 76
16 72
35 85
36 50
28 46
1 92
7 23
88 97
5 62
6 27
38 96
17 73
58 74
9 69
77 87
28 82
29 47
69 83
21 43
40 56
80 92
27 86
6 63
30 91
2 29
62 80
81 93
54 76
73 89
20 83
39 96
12 79
32 57
4 75
23 88
51 70
24 53
43 66
35 62
1 69
13 80
24 89
16 85
76 99
9 46
36 63
68 95
28 59
47 72
26 98
5 75
58 87
72 88
50 83
42 79
2 6
61 92
8 86
27 99
19 95
20 60
25 26
11 91
31 69
32 34
2 42
3 7
35 39
54 89
14 16
12 92
13 57
32 70
24 66
43 79
56 98
17 27
35 75
36 40
9 23
16 62
1 82
46 90
5 52
6 17
57 99
58 64
9 59
50 60
61 69
80 82
7 98
27 76
19 72
39 50
50 96
91 97
10 23
42 92
83 93
2 19
62 70
0 95
20 73
39 86
12 69
13 34
72 83
32 47
4 65
24 43
51 60
23 78
43 56
35 52
87 99
1 59
34 93
5 29
65 80
37 98
16 75
57 76
76 89
9 36
49 72
28 49
68 85
15 79
26 88
18 84
38 99
27 89
0 72
20 50
11 81
12 46
39 63
31 59
30 94
4 42
23 55
1 36
12 82
13 47
53 83
72 96
45 79
24 56
56 88
9 13
22 95
14 91
5 42
6 7
65 93
49 85
68 98
42 46
15 92
21 23
8 53
27 66
0 49
18 97
20 27
11 58
39 40
30 71
31 36
10 13
23 32
2 9
75 79
8 89
54 56
0 85
20 63
60 99
11 94
12 59
53 60
13 24
4 55
72 73
23 68
64 69
24 33
10 98
52 95
16 29
35 42
43 46
87 89
1 49
34 83
53 96
5 19
46 57
65 70
38 53
57 66
17 30
76 79
49 62
9 26
68 75
15 69
7 65
26 78
6 20
19 39
79 90
30 48
50 63
90 99
42 59
82 95
8 66
0 62
40 98
20 40
11 71
12 36
4 32
23 45
83 96
75 92
1 26
33 95
34 60
53 73
13 37
72 86
45 69
25 91
56 78
16 42
3 72
22 85
14 81
15 46
34 96
67 93
26 55
5 32
18 51
46 70
38 66
70 98
49 75
15 82
8 43
26 91
27 56
0 39
19 52
11 48
30 61
63 95
41 76
1 3
60 89
33 72
52 85
13 14
4 45
45 46
44 81
10 88
2 84
22 62
1 39
14 58
34 73
45 82
5 9
46 47
37 78
78 79
38 43
3 85
9 16
22 98
14 94
55 95
15 59
7 55
8 20
27 33
18 64
11 25
30 38
63 72
42 49
48 92
0 52
41 53
20 30
60 66
6 95
52 62
12 26
31 39
4 22
44 58
23 35
11 61
10 65
75 82
41 89
33 85
34 50
74 86
44 94
85 95
45 59
64 72
37 55
56 68
2 97
3 62
22 75
14 71
15 36
7 32
67 83
26 45
86 96
59 79
38 56
78 92
70 88
36 95
7 68
48 69
8 33
27 46
0 29
19 42
6 72
11 38
63 85
21 88
60 79
33 62
52 75
25 58
4 35
44 71
10 78
2 74
3 39
22 52
14 48
34 63
74 99
66 95
37 68
24 98
36 72
55 85
7 45
8 10
67 96
26 58
0 6
59 92
18 54
11 15
17 95
9 91
29 69
48 82
21 65
40 78
41 43
33 39
6 85
44 48
4 12
10 55
2 51
22 29
1 6
33 75
34 40
74 76
25 71
45 49
32 79
37 45
56 58
51 92
2 87
43 88
35 84
14 61
15 26
55 62
7 22
26 35
59 69
78 82
70 78
89 91
17 72
36 85
9 68
28 81
29 46
48 59
8 23
40 55
0 19
5 97
6 62
63 75
29 82
21 78
62 79
41 56
73 88
33 52
52 65
25 48
39 95
44 61
10 68
51 69
2 64
3 29
22 42
14 38
74 89
66 85
85 98
13 79
32 92
24 88
16 84
35 97
36 62
15 39
55 75
7 35
47 71
18 44
59 82
5 74
17 85
58 86
77 99
28 94
29 59
69 95
48 72
61 91
21 55
40 68
6 75
10 45
2 41
3 6
62 92
54 88
20 95
25 61
12 91
4 87
32 69
24 65
43 78
3 42
35 74
14 51
15 16
1 81
7 12
47 48
13 92
18 21
16 97
57 98
17 62
47 84
48 49
21 32
40 45
0 9
80 81
5 87
6 52
58 99
50 95
10 22
42 91
62 69
81 82
54 65
33 42
73 78
0 94
25 38
39 85
31 81
10 58
51 59
23 77
43 55
22 32
14 28
74 79
87 98
66 75
13 69
32 82
24 78
43 91
16 74
17 39
36 52
76 88
55 65
28 48
1 94
88 99
47 61
5 64
17 75
58 76
9 71
69 85
29 49
61 81
40 58
80 94
27 88
6 65
19 84
39 62
30 93
10 35
2 31
20 85
39 98
12 81
13 46
31 94
32 59
4 77
51 72
72 95
23 90
43 68
16 51
35 64
1 71
13 82
5 41
46 79
16 87
17 52
36 65
9 48
28 61
15 91
21 22
5 77
18 96
6 42
58 89
50 85
10 12
69 98
42 81
2 8
54 55
0 84
19 97
25 28
20 62
11 93
12 58
39 75
31 71
32 36
23 67
24 32
3 9
43 45
35 41
14 18
87 88
12 94
53 95
32 72
45 91
24 68
65 69
16 64
17 29
36 42
9 25
68 74
1 84
47 51
28 38
5 54
6 19
46 92
38 88
58 66
49 97
77 79
9 61
69 75
42 58
21 35
61 71
8 65
27 78
20 39
11 70
31 48
10 25
91 99
83 95
2 21
75 91
54 68
20 75
12 71
4 67
72 85
23 80
64 81
24 45
84 96
16 41
35 54
1 61
34 95
46 69
65 82
38 65
17 42
76 91
9 38
49 74
68 87
15 81
7 77
26 90
27 55
6 32
58 79
30 60
71 98
50 75
61 84
8 78
27 91
0 74
20 52
60 88
12 48
30 96
4 44
23 57
16 18
1 38
34 72
53 85
72 98
45 81
5 8
64 94
37 77
4 80
16 54
17 19
3 84
26 67
5 44
6 9
46 82
38 78
57 91
49 87
42 48
15 94
7 90
27 68
0 51
18 99
20 29
39 42
12 25
11 60
31 38
2 11
83 85
75 81
0 87
41 88
1 15
33 84
52 97
53 62
13 26
72 75
4 57
44 93
24 35
32 39
16 31
56 67
35 44
2 96
1 51
87 91
34 85
53 98
45 94
46 59
5 21
37 90
38 55
65 72
57 68
3 97
9 28
49 64
68 77
15 71
7 67
8 32
27 45
18 76
19 41
79 92
71 88
30 50
63 84
42 61
82 97
29 91
8 68
0 64
20 42
60 78
11 73
52 74
12 38
31 51
4 34
83 98
75 94
1 28
34 62
53 75
25 93
45 71
64 84
37 67
56 80
3 74
22 87
14 83
15 48
67 95
26 57
59 91
38 68
7 80
8 45
48 81
27 58
18 89
19 54
11 50
4 11
63 97
23 24
41 78
1 5
60 91
34 39
52 87
25 70
44 83
45 48
4 47
10 90
16 21
2 86
14 60
34 75
26 34
46 49
5 11
37 80
78 81
38 45
57 58
3 87
49 54
89 90
14 96
55 97
15 61
7 57
8 22
26 70
47 93
0 18
18 66
19 31
27 35
30 40
90 91
63 74
82 87
29 81
48 94
21 77
0 54
40 90
41 55
20 32
33 51
52 64
12 28
4 24
44 60
23 37
10 67
2 63
22 41
1 18
74 88
34 52
25 83
53 65
44 96
45 61
85 97
56 70
2 99
3 64
22 77
14 73
15 38
55 74
26 47
67 85
86 98
59 81
18 43
70 90
36 97
28 93
29 58
8 35
48 71
40 67
0 31
19 44
6 74
11 40
29 94
21 90
52 77
10 80
2 76
3 41
22 54
66 97
13 91
18 20
16 96
55 87
15 51
7 47
8 12
47 83
0 8
59 94
19 21
18 56
11 17
17 97
63 64
9 93
29 71
21 67
40 80
33 41
52 54
25 37
4 14
44 50
10 57
22 31
14 27
74 78
34 42
25 73
66 74
85 87
37 47
43 90
35 86
14 63
15 28
55 64
1 93
7 24
47 60
26 37
59 71
70 80
17 74
36 87
9 70
77 88
28 83
29 48
47 96
48 61
21 44
0 21
5 99
11 30
21 80
62 81
81 94
41 58
54 77
33 54
73 90
25 50
20 84
39 97
44 63
31 93
10 70
51 71
2 66
43 67
3 31
22 44
14 40
74 91
66 87
13 81
24 90
16 86
17 51
35 99
36 64
55 77
28 60
47 73
5 76
17 87
58 88
9 83
50 84
29 61
61 93
40 70
6 77
25 27
39 74
10 47
2 43
3 8
62 94
14 17
12 93
13 58
32 71
4 89
51 84
24 67
3 44
16 63
43 80
35 76
36 41
15 18
1 83
47 50
7 14
13 94
18 23
59 61
16 99
17 64
9 60
49 96
28 73
69 74
29 38
48 51
21 34
40 47
80 83
5 89
92 94
6 54
10 24
42 93
2 20
62 71
81 84
54 67
0 96
33 44
20 74
25 40
39 87
12 70
23 79
51 61
2 56
84 95
43 57
3 21
35 53
14 30
1 60
66 77
13 71
24 80
65 81
16 76
17 41
35 89
76 90
9 37
55 67
28 50
1 96
47 63
5 66
6 31
58 78
9 73
29 51
42 70
21 47
61 83
80 96
8 77
19 86
11 82
39 64
30 95
31 60
62 84
54 80
20 87
12 83
13 48
31 96
4 79
72 97
32 61
24 57
64 93
43 70
16 53
17 18
35 66
51 74
1 73
46 81
6 8
65 94
5 43
38 77
17 54
49 86
9 50
68 99
28 63
15 93
21 24
7 89
27 67
18 98
58 91
30 72
50 87
10 14
42 83
2 10
54 57
0 86
20 64
39 77
31 73
4 56
32 38
23 69
24 34
84 85
3 11
43 47
35 43
1 50
87 90
34 84
13 61
53 97
4 92
45 93
5 20
24 70
65 71
37 89
16 66
57 67
17 31
3 96
76 80
36 44
9 27
68 76
26 79
46 94
38 90
58 68
49 99
50 64
69 77
42 60
61 73
27 80
0 63
19 76
20 41
39 54
11 72
31 50
23 46
2 23
75 93
54 70
0 99
20 77
33 96
12 73
53 74
13 38
72 87
32 51
4 69
64 83
24 47
84 98
56 79
23 82
1 63
34 97
5 33
46 71
65 84
38 67
57 80
76 93
49 76
9 40
68 89
15 83
26 92
18 88
30 62
50 77
63 96
19 89
60 90
39 67
12 50
52 86
4 46
23 59
16 20
34 74
53 87
45 83
46 48
64 96
37 79
5 10
56 92
17 21
38 44
49 53
9 17
14 95
15 60
26 69
27 34
18 65
6 11
38 80
79 81
30 39
49 89
50 54
82 86
7 92
8 57
27 70
0 53
19 66
20 31
39 44
12 27
11 62
31 40
4 23
30 75
23 36
83 87
75 83
94 96
41 90
1 17
33 86
52 99
25 82
13 28
72 77
45 60
44 95
64 73
16 33
56 69
2 98
22 76
14 72
34 87
45 96
5 23
37 92
78 93
57 70
3 99
49 66
15 73
7 69
8 34
26 82
27 47
18 78
19 43
79 94
11 39
30 52
71 90
82 99
29 93
41 67
20 44
52 76
12 40
4 36
44 72
23 49
75 96
1 30
33 99
34 64
53 77
25 95
45 73
64 86
37 69
56 82
3 76
22 89
14 85
15 50
7 46
26 59
67 97
59 93
19 20
17 96
8 47
0 43
40 79
19 56
20 21
52 53
63 99
23 26
1 7
60 93
34 41
52 89
25 72
53 54
45 50
37 46
10 92
16 23
56 59
2 88
3 53
22 66
14 62
15 27
67 74
26 36
5 13
18 32
46 51
38 47
78 83
86 87
3 89
89 92
49 56
36 86
15 63
55 99
7 59
48 60
8 24
18 68
19 33
5 98
30 42
71 80
63 76
82 89
29 83
21 79
40 92
41 57
60 70
6 99
52 66
25 49
12 30
44 62
4 26
2 65
22 43
14 39
33 89
74 90
34 54
25 85
66 86
45 63
85 99
37 59
35 98
55 76
15 40
7 36
67 87
18 45
78 96
70 92
17 86
36 99
9 82
28 95
29 60
8 37
21 56
48 73
40 69
6 76
11 42
10 46
29 96
21 92
62 93
41 70
33 66
25 62
44 75
10 82
51 83
22 56
14 52
7 13
66 99
13 93
59 60
18 22
16 98
36 76
55 89
28 72
7 49
8 14
47 85
48 50
0 10
40 46
19 23
5 88
11 19
6 53
30 32
17 99
63 66
9 95
29 73
21 69
81 83
73 79
33 43
52 56
6 89
4 16
44 52
10 59
2 55
14 29
34 44
85 89
13 70
37 49
32 83
51 96
24 79
3 56
35 88
55 66
15 30
1 95
47 62
7 26
67 77
18 35
59 73
5 65
70 82
17 76
36 89
9 72
77 90
29 50
48 63
21 46
0 23
80 95
40 59
6 66
10 36
2 32
62 83
81 96
54 79
33 56
73 92
25 52
20 86
32 60
51 73
2 68
3 33
43 69
22 46
35 65
14 42
1 72
66 89
13 83
32 96
24 92
17 53
9 49
55 79
28 62
47 75
5 78
6 43
9 85
50 86
42 82
61 95
21 59
19 98
25 29
39 76
31 72
2 45
3 10
62 96
22 23
54 92
14 19
20 99
12 95
13 60
32 73
4 91
51 86
24 69
43 82
16 65
35 78
55 56
28 39
1 85
47 52
7 16
88 90
46 93
5 55
38 89
17 66
58 67
77 80
9 62
28 75
69 76
61 72
21 36
40 49
80 85
27 79
6 56
30 84
50 99
10 26
42 95
2 22
81 86
54 69
73 82
25 42
20 76
12 72
31 85
32 50
4 68
23 81
51 63
43 59
84 97
3 23
35 55
14 32
13 73
24 82
65 83
16 78
17 43
57 79
76 92
9 39
28 52
47 65
6 33
58 80
77 93
50 76
42 72
61 85
21 49
80 98
8 79
27 92
0 75
19 88
39 66
30 97
31 62
10 39
23 58
54 82
20 89
12 85
13 50
72 99
4 81
23 94
24 59
64 95
43 72
56 91
16 55
35 68
17 20
1 75
5 45
6 10
46 83
49 88
50 53
9 52
29 30
15 95
21 26
61 62
7 91
27 69
6 46
19 65
39 43
50 89
10 16
42 85
2 12
83 86
62 63
8 92
94 95
54 59
0 88
20 66
11 97
12 62
52 98
31 75
72 76
32 40
23 71
24 36
51 53
84 87
16 32
4 58
43 49
95 96
87 92
1 52
34 86
53 99
45 95
46 60
5 22
65 73
16 68
17 33
57 69
76 82
9 29
3 98
28 42
15 72
26 81
5 58
18 77
6 23
38 92
79 93
58 70
50 66
69 79
42 62
61 75
27 82
19 78
20 43
11 74
39 56
30 87
31 52
23 48
75 95
1 29
33 98
12 75
53 76
13 40
72 89
25 94
64 85
24 49
56 81
22 88
1 65
14 84
34 99
5 35
46 73
65 86
38 69
57 82
68 91
15 85
7 81
8 46
26 94
18 90
11 51
30 64
63 98
23 25
8 82
0 78
41 79
11 87
12 52
13 17
44 84
4 48
23 61
24 26
10 91
16 22
1 42
34 76
53 89
45 85
46 50
64 98
37 81
56 94
17 23
57 59
3 88
9 19
14 97
15 62
7 58
26 71
27 36
6 13
19 32
30 41
71 79
90 92
50 56
42 52
82 88
7 94
48 95
8 59
27 72
0 55
40 91
19 68
20 33
11 64
12 29
4 25
91 93
23 38
83 89
75 85
94 98
41 92
1 19
33 88
34 53
13 30
25 84
44 97
53 66
72 79
64 75
37 58
4 61
16 35
56 71
3 65
22 78
14 74
26 48
67 86
86 99
5 25
37 94
78 95
38 59
57 72
70 91
49 68
36 98
15 75
8 36
0 32
18 80
19 45
79 96
11 41
30 54
71 92
63 88
21 91
0 68
60 82
33 65
52 78
4 38
44 74
10 81
2 77
22 55
1 32
34 66
25 97
66 98
53 79
45 75
3 78
22 91
14 87
15 52
55 88
7 48
26 61
67 99
18 57
59 95
19 22
11 18
17 98
63 65
29 72
8 49
0 45
41 46
20 23
6 88
11 54
31 32
4 15
23 28
41 82
1 9
33 78
34 43
52 91
25 74
44 87
45 52
85 88
64 65
37 48
10 94
51 95
2 90
15 29
7 25
26 38
67 76
59 72
38 49
97 98
89 94
36 88
47 97
48 62
8 26
7 61
0 22
71 82
30 44
63 78
82 91
29 85
48 98
21 81
40 94
41 59
81 95
60 72
33 55
52 68
25 51
44 64
10 71
2 67
3 32
22 45
14 41
74 92
34 56
25 87
32 95
24 91
3 68
14 77
55 78
7 38
47 74
26 51
67 89
18 47
59 85
78 98
70 94
17 88
9 84
28 97
29 62
21 58
0 35
40 71
6 78
10 48
2 44
21 94
62 95
54 91
33 68
25 64
10 84
2 80
3 45
22 58
14 54
15 19
7 15
13 95
18 24
59 62
70 71
17 65
36 78
28 74
29 39
47 87
48 52
8 16
40 48
0 12
19 25
5 90
11 21
63 68
9 97
50 98
29 75
21 71
62 72
41 49
33 45
52 58
25 41
44 54
10 61
2 57
3 22
22 35
14 31
74 82
66 78
85 91
13 72
32 85
51 98
24 81
43 94
16 77
35 90
55 68
28 51
1 97
7 28
18 37
59 75
5 67
17 78
77 92
9 74
28 87
29 52
48 65
80 97
40 61
6 68
10 38
62 85
81 98
54 81
73 94
25 54
12 84
31 97
23 93
51 75
43 71
3 35
35 67
14 44
13 85
65 95
16 90
17 55
36 68
28 64
21 25
0 2
5 80
6 45
58 92
50 88
10 15
42 84
61 97
21 61
8 91
54 58
33 35
20 65
39 78
11 96
31 74
10 51
23 70
51 52
2 47
3 12
43 48
84 86
54 94
14 21
13 62
32 75
4 93
43 84
16 67
17 32
35 80
36 45
76 81
55 58
28 41
88 92
47 54
46 95
38 91
17 68
58 69
77 82
50 65
9 64
69 78
29 42
61 74
40 51
27 81
6 58
39 55
30 86
10 28
42 97
2 24
62 75
54 71
73 84
20 78
12 74
32 52
4 70
23 83
24 48
51 65
43 61
3 25
84 99
35 57
16 44
34 98
13 75
5 34
16 80
17 45
76 94
9 41
49 77
28 54
68 90
15 84
26 93
5 70
58 82
42 74
61 87
8 81
27 94
0 77
19 90
39 68
12 51
30 99
31 64
11 86
23 60
1 41
12 87
13 52
32 65
45 84
4 83
64 97
16 57
17 22
35 70
9 18
5 47
6 12
57 94
58 59
9 54
50 55
42 51
15 97
21 28
61 64
7 93
8 58
19 67
11 63
30 76
31 41
10 18
42 87
83 88
2 14
62 65
75 84
8 94
0 90
20 68
11 99
12 64
13 29
31 77
4 60
32 42
23 73
51 55
72 78
64 74
16 34
84 89
43 51
95 98
87 94
34 88
45 97
5 24
65 75
17 35
76 84
49 67
9 31
28 44
68 80
7 70
26 83
27 48
18 79
6 25
38 94
79 95
58 72
30 53
50 68
42 64
61 77
8 71
0 67
60 81
20 45
39 58
11 76
30 89
31 54
4 37
23 50
1 31
34 65
13 42
53 78
72 91
25 96
45 74
64 87
4 73
16 47
56 83
3 77
67 98
46 75
5 37
38 71
57 84
15 87
7 83
8 48
26 96
0 44
18 92
19 57
20 22
11 53
12 18
23 27
2 4
0 80
41 81
20 58
60 94
52 90
53 55
12 54
44 86
13 19
23 63
24 28
10 93
16 24
2 89
35 37
22 67
34 78
53 91
45 87
86 88
46 52
38 48
57 61
3 90
89 93
9 21
14 99
15 64
8 25
27 38
18 69
79 85
71 81
63 77
82 90
42 54
29 84
8 61
48 97
0 57
40 93
19 70
20 35
60 71
11 66
12 31
52 67
31 44
4 27
23 40
75 87
41 94
1 21
33 90
25 86
53 68
44 99
45 64
72 81
64 77
37 60
3 67
22 80
15 41
26 50
67 88
59 84
18 46
38 61
70 93
49 70
15 77
28 96
8 38
48 74
27 51
0 34
18 82
79 98
11 43
30 56
71 94
21 93
41 71
33 67
25 63
4 40
44 76
10 83
2 79
14 53
34 68
25 99
26 27
45 77
37 73
3 80
14 89
55 90
15 54
8 15
26 63
19 24
11 20
30 33
9 96
29 74
48 87
21 70
0 47
41 48
60 61
52 57
12 21
23 30
10 60
75 77
22 34
1 11
33 80
34 45
74 81
93 94
25 76
44 89
85 90
45 54
37 50
10 96
51 97
43 93
3 57
22 70
14 66
15 31
7 27
67 78
86 91
18 36
78 87
70 83
36 90
28 86
48 64
40 60
19 37
6 67
11 33
29 87
21 83
40 96
41 61
81 97
73 93
33 57
52 70
25 53
44 66
2 69
22 47
74 94
66 90
13 84
32 97
24 93
16 89
55 80
15 44
47 76
7 40
67 91
0 1
18 49
5 79
70 96
17 90
9 86
29 64
21 60
40 73
33 34
6 80
2 46
62 97
22 24
54 93
14 20
34 35
25 66
66 67
12 96
32 74
51 87
2 82
3 47
43 83
35 79
14 56
15 21
55 57
1 86
7 17
47 53
67 68
26 30
13 97
59 64
18 26
17 67
36 80
9 63
55 93
28 76
29 41
47 89
48 54
8 18
21 37
0 14
40 50
5 92
92 97
11 23
6 57
9 99
10 27
42 96
21 73
62 74
41 51
81 87
73 83
44 56
31 86
10 63
2 59
43 60
3 24
22 37
14 33
74 84
13 74
32 87
24 83
43 96
17 44
36 57
1 99
7 30
5 69
6 34
17 80
58 81
77 94
9 76
28 89
69 90
61 86
21 50
80 99
40 63
27 93
6 70
30 98
10 40
2 36
54 83
73 96
20 90
12 86
13 51
31 99
32 64
4 82
51 77
24 60
23 95
43 73
16 56
35 69
1 76
13 87
5 46
24 96
16 92
17 57
9 53
28 66
21 27
5 82
6 47
58 94
10 17
42 86
2 13
61 99
62 64
54 60
0 89
25 33
20 67
39 80
12 63
11 98
31 76
2 49
84 88
43 50
3 14
35 46
22 27
95 97
87 93
66 70
12 99
13 64
32 77
4 95
65 74
16 69
17 34
35 82
36 47
76 83
9 30
28 43
1 89
88 94
96 98
55 60
47 56
5 59
6 24
46 97
38 93
58 71
9 66
50 67
77 84
29 44
42 63
61 76
80 89
27 83
19 79
39 57
30 88
31 53
42 99
62 77
54 73
20 80
12 76
13 41
31 89
4 72
51 67
24 50
16 46
35 59
1 66
5 36
38 70
57 83
17 47
76 96
49 79
9 43
68 92
28 56
15 86
26 95
27 60
18 91
6 37
30 65
42 76
2 3
8 83
0 79
19 92
20 57
39 70
12 53
3 4
35 36
34 77
53 90
4 85
45 86
64 99
37 82
24 63
56 95
16 59
36 37
9 20
68 69
28 33
14 98
26 72
46 87
6 14
38 83
57 96
58 61
90 93
50 57
69 70
21 30
61 66
8 60
0 56
19 69
20 34
11 65
39 47
30 78
31 43
91 94
2 16
83 90
75 86
94 99
54 63
41 93
20 70
12 66
53 67
13 31
32 44
72 80
23 75
64 76
24 40
43 53
4 62
56 72
22 79
87 96
1 56
34 90
46 64
5 26
37 95
38 60
65 77
17 37
57 73
76 86
49 69
68 82
15 76
7 72
26 85
27 50
18 81
71 93
30 55
50 70
63 89
42 66
8 73
0 69
19 82
60 83
20 47
11 78
12 43
39 60
31 56
4 39
52 79
23 52
75 99
1 33
34 67
53 80
25 98
72 93
56 85
16 49
3 79
9 10
14 88
15 53
26 62
46 77
59 96
18 58
38 73
5 39
49 82
42 43
15 89
7 85
8 50
18 94
19 59
20 24
11 55
12 20
30 68
31 33
23 29
75 76
41 83
1 10
60 96
33 79
12 56
53 57
13 21
4 52
44 88
52 92
64 66
45 53
10 95
56 62
16 26
22 69
1 46
14 65
34 80
86 90
5 16
65 67
38 50
37 85
78 86
57 63
3 92
97 99
46 54
68 72
15 66
47 98
8 27
26 75
27 40
18 71
19 36
11 32
71 83
30 45
90 96
82 92
29 86
48 99
21 82
8 63
40 95
0 59
41 60
20 37
60 73
11 68
52 69
12 33
4 29
44 65
23 42
75 89
41 96
1 23
33 92
74 93
25 88
64 79
37 62
56 75
3 69
14 78
7 39
67 90
26 52
59 86
78 99
38 63
70 95
17 89
28 98
7 75
8 40
48 76
27 53
40 72
0 36
19 49
11 45
30 58
71 96
4 6
63 92
29 99
21 95
41 73
33 69
52 82
25 65
44 78
2 81
3 46
22 59
14 55
15 20
34 70
26 29
5 6
18 25
37 75
38 40
3 82
15 56
7 52
47 88
8 17
26 65
0 13
59 99
18 61
27 30
5 91
11 22
19 26
30 35
71 73
63 69
9 98
48 89
40 85
41 50
60 63
6 92
52 59
12 23
4 19
10 62
2 58
1 13
33 82
74 83
34 47
93 96
25 78
66 79
45 56
85 92
32 86
51 99
56 65
2 94
43 95
3 59
22 72
14 68
55 69
15 33
1 98
67 80
26 42
86 93
59 76
78 89
70 85
89 98
36 92
9 75
28 88
29 53
48 66
40 62
11 35
6 69
29 89
21 85
62 86
41 63
73 95
52 72
31 98
2 71
3 36
22 49
14 45
74 96
66 92
32 99
24 95
16 91
55 82
28 65
7 42
47 78
0 3
59 89
11 12
17 92
58 93
9 88
21 62
61 98
40 75
33 36
6 82
25 32
4 9
44 45
10 52
2 48
3 13
62 99
22 26
54 95
14 22
34 37
66 69
12 98
37 42
32 76
51 89
4 94
24 72
43 85
3 49
35 81
36 46
55 59
96 97
15 23
7 19
47 55
26 32
67 70
13 99
59 66
70 75
17 69
36 82
9 65
28 78
47 91
48 56
21 39
40 52
0 16
5 94
92 99
6 59
10 29
42 98
21 75
81 89
54 72
73 85
33 49
25 45
39 92
31 88
32 53
23 84
51 66
2 61
43 62
66 82
13 76
32 89
24 85
43 98
17 46
35 94
36 59
9 42
76 95
28 55
55 72
47 68
5 71
6 36
58 83
77 96
50 79
9 78
69 92
29 56
21 52
27 95
19 91
39 69
10 42
2 38
62 89
54 85
73 98
20 92
13 53
4 84
32 66
23 97
51 79
24 62
43 75
35 71
28 32
1 78
13 89
46 86
5 48
65 99
16 94
17 59
58 60
49 91
28 68
29 33
15 98
5 84
6 49
50 92
10 19
42 88
2 15
62 66
8 95
0 91
25 35
39 82
12 65
31 78
32 43
24 39
84 90
3 16
35 48
95 99
14 25
87 95
1 55
13 66
4 97
45 98
65 76
16 71
17 36
36 49
9 32
68 81
88 96
47 58
46 99
6 26
5 61
58 73
77 86
69 82
42 65
61 78
21 42
80 91
8 72
27 85
19 81
39 59
30 90
31 55
10 32
23 51
2 28
75 98
54 75
20 82
12 78
13 43
72 92
32 56
23 87
64 88
43 65
16 48
35 61
1 68
5 38
65 89
38 72
17 49
57 85
9 45
68 94
15 88
26 97
27 62
18 93
19 58
30 67
50 82
42 78
2 5
8 85
27 98
0 81
19 94
60 95
20 59
11 90
12 55
13 20
31 68
4 51
32 33
23 64
24 29
35 38
1 45
34 79
53 92
45 88
46 53
5 15
37 84
16 61
17 26
57 62
3 91
36 39
9 22
68 71
28 35
26 74
5 51
18 70
46 89
38 85
79 86
58 63
98 99
49 94
50 59
90 95
69 72
42 55
61 68
7 97
8 62
27 75
0 58
19 71
20 36
11 67
12 32
30 80
31 45
91 96
23 41
2 18
83 92
41 95
1 22
33 91
12 68
53 69
13 33
72 82
64 78
24 42
16 38
35 51
22 81
1 58
34 92
46 66
5 28
37 97
38 62
57 75
9 35
49 71
15 78
7 74
8 39
26 87
27 52
18 83
79 99
63 91
42 68
29 98
8 75
0 71
41 72
20 49
60 85
11 80
12 45
52 81
31 58
44 77
23 54
34 69
53 82
45 78
64 91
56 87
3 81
9 12
22 94
14 90
15 55
26 64
59 98
18 60
38 75
71 72
42 45
7 87
8 52
48 88
27 65
0 48
40 84
19 61
60 62
11 57
12 22
31 35
4 18
23 31
75 78
41 85
60 98
33 81
34 46
52 94
53 59
25 77
4 54
44 90
45 55
64 68
13 23
10 97
16 28
2 93
3 58
22 71
14 67
34 82
67 79
26 41
46 56
86 92
37 87
78 88
38 52
57 65
70 84
3 94
49 61
89 97
36 91
15 68
7 64
26 77
27 42
0 25
18 73
19 38
79 89
11 34
71 85
63 81
82 94
29 88
21 84
0 61
40 97
41 62
60 75
12 35
52 71
4 31
44 67
10 74
2 70
22 48
1 25
33 94
34 59
74 95
25 90
53 72
45 68
32 98
37 64
56 77
22 84
14 80
15 45
7 41
26 54
67 92
18 50
17 91
9 87
29 65
8 42
48 78
40 74
0 38
19 51
11 47
63 94
62 98
41 75
1 2
34 36
52 84
25 67
44 80
37 41
51 88
2 83
3 48
22 61
14 57
15 22
7 18
67 69
26 31
13 98
18 27
59 65
38 42
70 74
36 81
55 94
28 77
15 58
47 90
8 19
7 54
0 15
18 63
19 28
5 93
92 98
30 37
71 75
63 71
82 84
29 78
48 91
21 74
40 87
81 88
60 65
33 48
25 44
4 21
44 57
10 64
2 60
22 38
14 34
74 85
34 49
93 98
66 81
25 80
85 94
37 54
32 88
24 84
43 97
35 93
14 70
15 35
55 71
47 67
7 31
18 40
59 78
70 87
17 81
77 95
9 77
28 90
29 55
48 68
21 51
40 64
0 28
6 71
10 41
21 87
62 88
41 65
33 61
73 97
20 91
25 57
44 70
51 78
23 96
2 73
43 74
3 38
22 51
14 47
74 98
7 8
66 94
