200 300
21 126
12 123
61 107
52 168
127 171
13 42
42 112
8 174
18 154
71 157
16 47
60 99
28 140
0 188
11 14
46 121
77 99
48 182
29 59
31 175
15 188
7 10
77 181
49 80
18 74
23 125
7 74
70 176
115 153
47 64
36 183
15 160
59 75
188 198
59 139
20 95
19 75
40 107
40 171
84 116
130 147
6 13
19 32
50 102
31 186
84 189
18 76
12 127
97 195
69 170
14 115
18 85
71 88
18 21
10 111
61 129
180 187
42 180
56 87
102 139
23 57
71 179
9 195
151 196
126 142
129 132
23 166
18 115
32 144
157 166
12 120
104 139
10 150
4 116
64 75
59 189
3 129
2 109
60 62
28 128
32 55
180 198
182 195
51 187
78 86
5 190
68 173
12 40
76 195
68 191
77 105
140 152
183 187
20 65
17 167
8 164
2 93
8 109
64 196
56 73
180 182
56 82
34 82
57 166
32 48
83 130
58 76
14 140
60 192
2 175
26 50
38 108
35 117
44 65
78 152
106 168
4 148
86 119
110 113
61 163
19 38
45 176
30 47
0 98
42 49
90 153
125 184
137 149
127 181
39 80
2 40
52 53
104 163
69 133
41 181
77 91
41 126
15 52
77 155
43 187
75 82
49 182
135 151
67 163
6 122
33 195
44 140
61 156
105 156
89 117
123 172
125 168
2 143
118 162
148 172
19 186
86 87
168 193
65 183
40 44
107 128
26 63
56 162
73 178
9 87
37 167
20 62
40 129
93 165
91 177
76 158
116 176
29 83
28 63
21 79
32 109
86 144
65 176
21 88
94 127
67 85
149 191
84 101
70 81
109 155
118 121
33 126
86 162
42 193
80 155
115 122
16 46
134 157
34 100
16 183
81 166
38 70
70 172
62 189
63 133
28 111
2 92
9 43
39 86
31 82
140 172
32 111
26 104
64 88
151 190
101 171
50 135
80 148
106 112
152 164
88 183
35 189
18 118
134 159
144 169
83 150
66 79
11 143
17 159
100 111
16 139
25 151
157 172
83 177
67 71
26 47
40 96
121 170
123 167
19 58
15 161
70 195
136 161
59 195
113 175
118 189
53 154
43 186
176 188
35 127
119 154
91 156
165 194
29 117
65 82
86 114
28 42
20 123
4 115
0 163
18 77
7 141
118 173
18 150
7 31
72 96
130 175
47 131
8 60
10 185
70 151
25 183
118 145
57 126
40 183
63 130
39 193
29 73
97 180
15 138
87 124
94 172
52 157
96 102
52 166
58 63
152 198
66 174
42 55
17 65
150 155
73 97
145 168
2 46
135 145
86 100
66 76
2 192
129 144
73 188
111 172
0 149
31 182
157 169
15 76
