500 499
13 148
13 141
141 436
436 493
148 183
436 498
89 148
13 112
112 360
115 498
278 498
277 498
89 411
13 235
436 470
235 352
216 277
243 352
89 99
46 183
46 75
243 258
305 436
175 498
245 258
46 172
27 216
360 395
360 419
321 493
112 373
245 459
141 487
403 470
236 395
345 403
419 428
216 423
195 235
305 402
112 482
190 436
27 54
179 459
164 190
136 245
71 277
40 46
75 354
207 423
245 310
164 271
352 431
339 423
19 235
195 484
40 355
172 369
115 306
137 164
136 189
71 241
137 316
88 487
339 488
71 494
54 453
27 434
148 301
365 488
372 434
138 484
171 183
370 498
115 364
241 344
429 482
316 396
58 482
272 434
54 94
136 330
238 396
274 339
58 323
92 428
236 475
310 492
106 241
23 137
115 454
428 495
247 272
164 489
39 115
333 434
480 487
239 369
199 459
94 233
226 321
296 454
16 99
286 364
62 239
2 75
23 340
183 320
179 299
110 494
238 409
166 470
65 493
160 316
295 372
307 373
156 489
149 487
54 261
140 207
43 258
189 254
6 429
180 470
370 499
117 488
245 412
46 257
57 354
64 149
341 488
243 284
254 367
0 429
92 147
140 346
118 190
423 432
447 453
6 221
273 369
99 448
22 175
72 136
194 365
61 299
159 354
380 487
293 411
4 258
243 444
273 351
374 431
98 489
94 350
165 261
107 117
320 476
113 307
71 496
233 361
425 470
150 423
486 488
11 98
129 369
232 339
126 150
150 289
244 306
139 423
187 235
88 413
16 249
98 449
398 489
298 496
308 367
96 166
11 86
469 488
127 488
238 281
373 463
52 226
161 436
103 419
11 152
73 137
29 71
246 254
228 396
80 470
431 467
116 453
324 370
46 462
224 493
18 226
292 449
157 161
6 217
200 321
48 449
320 376
14 498
152 250
147 404
18 415
5 98
221 408
41 482
240 398
129 371
163 306
22 443
307 317
135 226
61 338
151 449
223 244
121 306
385 484
215 432
91 171
449 455
208 361
7 429
355 460
267 402
218 241
333 457
102 159
56 444
91 270
42 351
306 343
71 144
130 467
311 360
163 192
202 296
108 296
451 488
118 328
37 232
129 214
129 287
79 187
84 323
262 453
348 432
55 423
272 465
280 487
142 202
82 140
357 448
104 247
457 483
64 203
312 499
328 471
35 289
178 274
12 354
236 279
146 492
165 397
17 357
124 339
92 401
55 260
139 334
157 185
104 313
257 342
237 280
38 218
51 277
76 163
50 487
148 337
190 227
234 280
6 109
170 228
307 383
17 282
252 341
227 326
38 101
2 445
18 176
324 439
8 493
32 238
243 416
155 373
66 126
45 237
2 269
152 253
466 489
57 77
228 283
82 400
73 424
49 52
29 177
12 359
62 153
194 196
159 358
289 381
105 324
347 469
195 275
199 230
103 186
425 437
69 415
317 421
27 394
261 386
446 451
90 463
392 412
179 188
298 368
28 305
111 326
266 355
164 220
158 226
90 168
185 430
81 415
23 212
5 265
241 477
171 219
133 476
239 303
21 275
234 399
66 198
131 219
135 478
88 410
336 443
22 302
174 326
105 363
24 111
417 477
16 204
4 182
327 469
22 405
411 441
70 279
73 114
353 417
211 354
63 196
123 462
145 367
49 100
182 497
101 388
201 338
162 401
9 139
184 419
309 354
341 491
98 173
30 346
103 329
25 347
99 276
138 379
60 239
53 279
112 300
138 435
132 147
83 465
188 231
315 445
222 467
281 389
162 259
248 482
128 190
335 388
263 312
164 393
79 87
319 368
218 375
276 390
398 456
362 471
150 193
46 125
205 302
371 452
1 149
44 105
268 289
20 79
93 188
85 116
356 372
67 149
126 406
263 382
222 407
137 378
108 366
221 440
288 323
35 318
266 297
261 450
103 464
285 455
325 380
34 222
191 321
56 377
382 433
388 479
324 474
17 461
253 418
97 403
46 68
258 420
206 348
134 221
121 255
6 229
119 244
197 274
167 247
78 487
31 58
247 251
47 71
198 332
193 427
210 389
169 183
3 199
233 442
98 481
248 294
39 422
78 426
41 314
95 309
33 440
490 492
245 473
154 477
126 264
195 242
6 384
288 468
218 331
260 485
181 258
291 363
452 458
391 437
15 351
106 290
3 213
209 415
10 155
304 307
27 414
268 322
254 472
387 482
340 438
74 313
225 313
36 197
59 79
143 158
256 404
26 277
122 475
348 349
16 120
